            Date  MKT-RF     SMB     HML     RMW     CMA       RF
0     1963-07-01 -0.0067  0.0002 -0.0035  0.0003  0.0013  0.00012
1     1963-07-02  0.0079 -0.0028  0.0028 -0.0008 -0.0021  0.00012
2     1963-07-03  0.0063 -0.0018 -0.0010  0.0013 -0.0025  0.00012
3     1963-07-05  0.0040  0.0009 -0.0028  0.0007 -0.0030  0.00012
4     1963-07-08 -0.0063  0.0007 -0.0020 -0.0027  0.0006  0.00012
...          ...     ...     ...     ...     ...     ...      ...
15412 2024-09-24  0.0024 -0.0010 -0.0058 -0.0030  0.0078  0.00020
15413 2024-09-25 -0.0029 -0.0093 -0.0070 -0.0004  0.0015  0.00020
15414 2024-09-26  0.0042  0.0023  0.0043 -0.0053  0.0053  0.00020
15415 2024-09-27 -0.0008  0.0071  0.0055  0.0009 -0.0007  0.00020
15416 2024-09-30  0.0036 -0.0011  0.0015  0.0043  0.0000  0.00020

[15417 rows x 7 columns]
